||66555555555555
||66555555555555
667766666666666655
667766666666666655
667766666666666655
667766666666666655
667766666666666655
667766666666666655
667766666666666655
667766666666666655
667766666666666655
667766666666666655
667766666666666655
667766666666666655
667766666666666655
667766666666666655
667766666666666655
667766666666666655
556677777777776655
556677777777776655
556655555555556655
556655555555556655
556655555555555544
556655555555555544
445555555555555544
445555555555555544
444444444444444444
444444444444444444